1 18200.0000 109550.0000
2 18200.0000 109583.3333
3 18206.3889 109581.9444
4 18207.5000 109477.7778
5 18215.8333 109700.5556
6 18216.6667 109700.0000
7 18220.5556 109510.2778
8 18223.8889 109552.2222
9 18229.7222 109528.3333
10 18233.3333 109533.3333
11 18233.3333 109616.6667
12 18233.8889 109703.8889
13 18236.6667 109625.0000
14 18243.0556 109505.0000
15 18243.6111 109690.2778
16 18245.2778 109373.8889
17 18246.6667 109559.7222
18 18250.0000 109516.6667
19 18250.0000 109583.3333
20 18257.7778 109689.4444

